1 0
-1
2 0
-1
3 0
-1
4 1
1330 1326 1330 1 748 1330 1326 1330
-1
5 0
-1
6 0
-1
7 0
-1
8 0
-1
9 0
-1
10 0
-1
11 0
-1
12 0
-1
13 0
-1
14 1
1292 1287 1291 1 860 1292 1287 1291
-1
15 0
-1
16 0
-1
17 0
-1
18 0
-1
19 0
-1
20 1
1500 1500 1499 1 97 1500 1500 1499
-1
21 1
921 915 920 1 1068 921 915 920
-1
22 0
-1
23 2
1090 1084 1090 1 510 1090 1084 1090
1090 1084 1090 1 608 1090 1084 1090
-1
24 0
-1
25 0
-1
26 1
1149 1146 1148 1 1045 1149 1146 1148
-1
27 0
-1
28 0
-1
29 1
1371 1367 1371 1 660 1371 1367 1371
-1
30 0
-1
31 1
1302 1297 1302 1 854 1302 1297 1302
-1
32 0
-1
33 2
1334 1329 1333 1 932 1334 1329 1333
1334 1329 1333 1 1104 1334 1329 1333
-1
34 0
-1
35 0
-1
36 2
1181 1180 1180 1 893 1181 1180 1180
1181 1180 1180 1 616 1181 1180 1180
-1
37 1
1462 1462 1463 1 778 1462 1462 1463
-1
38 0
-1
39 0
-1
40 0
-1
